147
127
50
121
88
152
166
138
206
60
230
97
145
135
120
184
92
186
164
127
117
93
78
185
156
114
71
102
88
153
118
108
163
160
100
62
155
101
61
172
164
118
181
137
141
87
138
95
148
121
172
155
111
110
154
205
82
134
114
188
151
198
139
121
82
92
66
159
133
93
185
116
177
154
107
78
115
129
136
82
173
79
116
109
156
152
165
165
117
111
89
205
102
121
193
186
160
111
147
73
129
113
57
178
89
109
154
134
207
147
181
150
187
147
132
142
135
113
100
127
103
191
97
137
65
144
182
99
179
79
152
132
86
102
99
87
162
102
101
120
98
248
153
120
102
110
121
117
121
98
87
76
158
119
75
147
124
109
147
120
79
163
119
121
95
130
146
114
108
94
77
212
125
111
144
98
139
181
149
136
159
120
110
182
176
154
109
119
90
114
159
105
164
149
143
152
127
134
161
120
96
177
122
98
165
175
145
132
177
104
129
118
105
144
159
120
140
131
121
113
131
117
74
180
141
119
129
91
114
120
62
126
116
140
112
170
56
125
106
200
146
94
150
155
124
175
94
134
191
183
119
157
154
106
205
128
112
96
157
114
130
161
97
120
91
160
137
96
95
176
154
184
127
74
182
157
120
183
87
129
90
112
202
123
149
109
151
98
131
153
78
123
94
147
66
166
139
93
92
154
77
125
108
117
104
143
125
160
169
149
186
137
107
90
187
129
214
140
128
147
221
130
139
156
164
90
68
205
109
141
108
121
146
134
176
94
82
101
110
185
121
248
88
104
91
155
85
84
207
176
131
106
74
181
144
141
189
83
226
101
193
181
176
161
103
265
141
125
146
175
158
107
117
143
115
103
155
176
98
192
152
66
133
154
113
123
100
63
148
128
144
112
140
121
122
150
148
163
119
166
163
174
122
143
115
107
120
142
104
108
112
117
184
144
118
147
148
171
184
136
179
207
109
101
107
129
155
120
142
158
94
108
157
91
90
137
108
112
120
115
128
142
110
153
79
169
138
148
120
165
101
156
178
126
151
168
154
98
140
145
145
104
155
124
149
160
155
199
178
129
130
161
93
104
107
161
135
134
134
131
124
136
198
150
105
138
159
119
214
116
140
71
114
124
139
128
244
178
112
105
163
122
114
129
82
66
83
109
87
115
155
150
126
133
114
84
103
114
140
166
171
109
100
215
169
210
159
95
158
113
168
145
80
128
174
133
108
134
79
159
142
110
135
124
102
61
123
171
113
79
82
177
117
110
157
121
89
113
160
134
75
140
185
77
127
157
191
155
179
155
117
139
147
116
136
127
125
139
98
74
213
206
168
180
81
121
146
112
137
125
176
107
125
111
79
86
80
96
152
124
122
201
205
180
145
157
219
173
152
191
176
138
203
138
123
157
113
157
140
218
69
98
125
167
72
153
193
124
127
132
156
117
103
141
135
160
87
148
164
190
149
249
148
106
75
153
124
198
113
117
120
88
89
81
148
113
181
165
118
120
186
176
96
139
178
109
125
116
117
96
119
82
165
177
127
130
117
88
161
141
84
181
121
196
131
118
220
93
137
124
123
91
102
135
94
141
171
104
162
129
60
136
127
144
124
157
118
176
163
191
150
108
178
145
57
145
180
199
123
132
115
96
125
81
124
80
121
144
161
148
183
196
124
154
127
165
91
177
112
153
202
211
101
145
115
118
233
142
152
114
116
146
167
102
134
181
175
118
103
154
201
103
140
152
163
177
189
149
111
94
140
179
84
147
121
134
99
112
112
143
130
119
114
136
134
113
130
147
181
114
116
138
146
182
111
135
91
164
81
107
110
109
162
155
110
118
191
108
106
94
151
125
129
162
166
205
144
104
175
171
121
79
158
148
149
172
138
94
94
149
111
127
84
123
152
140
88
133
174
203
130
186
95
114
93
121
205
79
149
116
138
128
114
127
188
93
121
87
130
169
88
102
97
163
94
160
176
157
186
168
163
107
80
145
138
164
128
135
119
118
96
132
132
183
144
106
111
120
94
110
134
140
111
105
142
136
88
58
169
88
216
88
113
105
177
198
232
132
83
141
96
166
155
125
158
139
196
97
173
145
110
135
91
108
117
105
105
124
158
139
147
165
147
159
134
131
158
164
92
113
124
168
129
128
136
179
128
104
77
171
123
137
147
175
129
133
113
136
91
207
137
186
148
141
93
100
165
170
187
103
124
113
168
181
200
143
84
135
134
92
56
134
139
147
70
124
137
109
120
72
171
168
128
201
152
157
166
114
154
196
164
147
145
125
100
113
195
124
70
117
159
140
134
111
104
54
110
139
200
186
136
110
110
128
92
92
187
146
105
106
167
153
143
160
130
153
170
134
83
141
160
165
138
114
134
171
104
152
64
97
88
123
101
128
109
107
112
172
146
171
150
100
116
84
136
123
136
129
162
177
128
148
135
164
143
141
191
151
158
92
205
177
114
162
158
103
217
140
150
170
166
145
90
124
150
114
124
108
144
132
131
109
135
171
109
88
151
100
120
145
83
132
131
177
182
130
74
143
141
171
114
189
133
177
137
123
54
218
153
124
95
79
55
113
134
127
149
146
145
95
101
111
137
137
118
123
182
96
147
104
181
214
131
114
168
125
175
93
184
162
129
115
164
150
167
103
121
158
181
151
127
102
121
135
140
186
107
104
172
157
149
116
116
182
115
200
190
178
55
111
224
172
156
82
116
91
147
141
174
160
91
192
112
111
184
198
133
146
165
102
107
189
159
228
149
108
125
156
112
145
158
159
121
165
91
176
130
205
98
79
150
124
131
140
145
101
192
221
189
156
206
163
85
83
135
181
113
150
124
117
234
164
130
56
143
168
171
165
121
199
124
132
118
136
158
137
165
226
141
153
129
116
117
114
157
140
161
100
143
178
113
113
138
128
108
146
88
93
85
196
155
166
93
116
196
91
110
152
163
81
146
171
160
145
124
86
218
68
166
168
138
117
164
153
105
139
97
143
198
101
145
123
195
92
190
172
139
127
204
173
161
93
97
142
96
130
203
181
151
176
102
113
141
134
197
154
158
160
116
122
96
71
207
180
128
63
123
163
126
144
104
142
118
109
212
93
171
75
187
146
133
132
126
114
127
189
143
96
148
100
158
175
104
134
110
160
88
132
140
161
118
137
89
130
150
141
194
87
110
146
106
143
95
128
149
118
142
111
133
98
184
111
207
158
111
150
156
169
108
168
148
120
115
89
166
154
163
148
128
144
129
94
189
149
131
174
123
140
91
147
148
137
108
89
164
111
118
177
105
145
141
100
140
157
136
137
141
142
116
141
147
89
102
137
91
110
103
163
189
86
144
166
206
136
158
199
135
139
109
132
136
154
125
155
144
105
168
123
120
113
132
92
167
167
165
110
217
76
138
117
169
146
101
147
108
61
133
115
150
130
171
155
135
128
150
179
134
160
133
159
133
153
147
188
137
105
96
137
160
194
116
171
153
70
128
164
175
186
148
107
184
127
116
153
155
205
148
172
137
144
118
165
144
174
119
122
159
174
144
125
116
147
146
151
130
158
162
120
124
77
119
90
112
197
112
138
203
81
192
127
119
165
175
128
82
75
104
170
131
231
114
142
140
207
137
203
170
135
168
107
146
180
136
141
137
173
138
171
205
131
95
89
85
143
106
151
107
232
141
129
118
150
121
132
158
152
100
139
177
143
112
114
140
116
114
113
194
159
138
145
121
111
99
135
139
94
92
203
126
85
164
98
102
82
129
109
134
149
164
130
156
91
141
113
97
115
135
233
195
139
86
169
135
182
119
119
174
167
182
115
151
72
266
82
248
132
177
132
69
135
123
100
166
121
148
127
179
118
120
117
72
83
163
82
161
149
109
77
137
107
114
167
95
109
112
187
136
117
159
105
154
78
133
161
92
174
127
145
176
155
166
51
108
87
168
156
93
117
113
123
139
164
203
161
204
115
142
129
202
100
131
130
94
120
150
95
163
164
173
112
195
172
148
189
133
72
159
101
174
151
100
180
176
112
122
165
173
122
61
109
151
78
162
125
146
178
195
101
170
156
92
98
107
137
153
131
149
146
89
130
144
209
112
117
107
188
112
141
193
111
177
84
142
114
151
87
156
157
117
185
125
116
90
133
144
112
98
90
142
77
122
118
176
105
160
181
118
178
150
140
144
163
122
138
186
68
160
155
151
117
99
154
109
112
160
151
107
145
134
110
79
132
158
122
176
155
174
113
163
83
153
118
164
163
180
159
97
149
84
117
164
170
150
171
118
173
187
72
59
119
98
98
148
144
116
186
155
86
104
131
149
108
140
92
132
142
145
149
147
158
130
119
148
145
145
161
156
135
78
136
140
76
179
120
148
168
185
162
147
119
91
120
161
129
108
139
125
85
142
109
123
100
152
108
140
90
91
172
129
140
113
147
114
161
169
199
114
144
202
152
90
195
65
153
63
136
176
98
107
85
164
88
124
95
180
173
81
150
213
156
139
94
90
85
101
101
151
137
119
169
90
197
171
191
158
132
142
164
91
76
143
122
159
152
138
158
104
129
40
104
103
102
116
171
128
106
109
112
158
198
208
121
96
51
128
186
147
71
148
149
136
156
138
142
181
77
136
155
101
226
126
151
122
113
189
125
140
180
162
148
126
107
108
54
100
143
177
179
172
155
192
154
134
184
134
202
150
81
149
147
176
187
211
138
114
119
101
109
138
116
48
104
122
172
122
106
140
111
111
80
109
77
165
153
94
122
148
147
107
116
279
94
167
170
106
188
140
135
164
105
138
122
102
139
81
107
126
155
191
123
108
155
160
155
135
149
105
162
115
175
102
110
137
86
101
118
134
143
126
140
157
148
131
173
85
120
110
135
127
96
135
152
160
91
168
113
178
161
129
147
180
143
92
172
105
142
113
156
81
146
111
118
176
145
164
110
80
142
96
51
130
215
91
103
139
195
129
148
125
150
121
110
98
135
105
156
146
80
117
160
165
186
126
132
148
84
119
168
137
143
134
101
132
154
113
108
181
128
137
196
65
110
103
139
114
184
126
149
172
134
57
103
212
105
114
120
203
117
186
135
104
154
153
124
129
106
154
172
115
170
71
158
139
105
109
76
174
99
124
140
223
199
154
183
184
125
174
155
182
108
140
150
130
144
136
78
153
115
134
183
180
172
163
106
178
153
128
84
146
109
192
118
139
155
149
119
143
107
110
124
102
133
111
162
93
130
152
162
164
143
141
141
122
77
153
150
102
191
151
163
117
160
145
157
130
154
44
119
132
99
181
147
146
81
218
76
185
118
80
141
170
157
163
131
120
146
117
164
154
196
74
153
127
224
95
144
139
189
163
59
133
180
99
192
114
82
131
168
118
98
117
116
185
121
132
206
70
106
138
133
145
133
52
153
117
107
186
173
155
163
112
136
139
151
141
165
176
124
130
172
103
124
130
149
156
117
140
81
135
170
96
117
124
100
197
82
140
151
148
175
113
140
193
71
104
142
120
151
100
120
90
152
134
155
108
143
137
150
141
169
158
108
123
128
126
93
152
158
110
88
132
126
120
103
112
96
141
175
46
111
117
116
188
120
142
134
115
137
141
114
150
150
145
163
122
86
206
172
117
175
173
146
124
116
170
91
123
201
126
144
181
136
178
77
156
193
132
134
115
151
125
128
157
150
133
136
151
129
115
118
154
187
87
120
162
147
55
194
147
145
114
107
167
172
114
106
129
155
97
138
133
135
138
58
208
167
116
145
148
99
97
129
111
150
147
136
186
65
115
139
136
179
84
164
155
94
81
121
170
187
143
129
161
147
141
134
172
102
211
159
139
164
138
111
106
145
103
82
107
135
91
117
117
84
132
84
210
138
88
132
162
102
168
133
121
144
120
126
79
182
107
122
127
172
126
112
133
103
126
140
83
155
159
214
146
158
81
121
171
178
125
116
96
123
185
172
151
105
122
131
90
130
151
120
87
105
108
151
150
90
64
123
74
217
135
168
141
187
75
145
135
106
175
215
178
152
121
136
88
165
148
105
196
161
107
139
125
83
141
100
121
85
108
112
105
138
183
143
131
149
69
133
128
164
139
158
127
112
117
127
169
98
129
126
199
206
122
111
124
141
86
185
102
136
157
147
137
168
109
176
161
171
146
161
136
99
173
121
125
132
143
138
164
116
128
135
211
155
127
61
71
145
175
166
103
112
150
147
154
162
118
134
148
106
214
106
141
190
180
118
111
106
127
171
129
169
133
140
128
95
197
154
160
96
122
163
211
119
114
167
119
126
170
137
103
145
183
102
80
172
116
119
118
102
192
147
146
139
141
87
83
146
195
163
98
96
150
127
177
111
109
112
116
131
143
181
211
78
77
135
86
102
122
93
115
177
150
101
167
109
220
70
128
130
122
88
185
98
149
75
79
138
171
94
158
97
80
152
55
118
123
109
110
119
153
146
63
114
180
80
92
190
153
93
135
138
143
130
75
150
79
101
119
194
150
108
176
139
139
84
174
158
110
129
152
139
176
193
117
172
175
133
136
176
122
40
133
135
109
204
125
151
179
103
158
112
105
83
175
207
165
136
86
189
148
130
183
117
194
165
104
170
129
179
138
162
131
171
85
126
118
104
142
158
142
140
135
92
75
139
171
177
165
152
140
134
173
173
69
154
143
144
160
126
92
113
174
135
156
114
81
106
188
193
172
178
109
199
122
190
152
132
153
149
205
129
160
107
138
152
135
99
75
150
174
152
102
179
164
111
158
230
125
161
125
96
216
144
157
153
116
131
180
127
139
151
84
164
164
114
159
133
104
99
94
90
139
149
163
156
77
144
125
187
92
129
82
140
143
157
169
129
179
107
197
109
116
92
203
189
98
145
142
168
117
99
144
153
104
108
219
136
109
102
130
172
109
186
159
78
198
117
174
162
151
139
137
113
147
142
144
148
166
111
102
181
127
194
83
136
142
78
184
143
126
149
138
164
119
110
117
163
89
156
154
87
114
145
155
165
150
145
126
66
151
192
187
118
153
190
164
128
59
122
147
137
80
73
112
156
119
121
127
206
75
184
157
190
130
229
118
111
172
139
150
176
94
153
75
92
125
133
175
174
60
137
115
141
150
41
143
207
168
117
106
133
143
177
180
78
88
66
193
161
111
132
138
108
99
159
143
114
177
118
170
162
135
149
126
140
107
133
130
125
148
215
167
131
109
116
174
120
144
101
155
144
104
150
158
147
97
102
197
198
143
151
70
166
153
100
189
104
113
156
109
109
132
156
102
120
149
142
180
149
100
115
75
153
185
182
161
113
167
158
96
162
85
149
101
121
114
88
98
107
185
59
130
154
168
120
180
179
186
143
91
68
122
174
126
131
87
166
152
177
131
175
96
134
100
153
158
118
98
116
146
223
109
109
176
135
85
139
148
134
113
162
107
143
115
130
129
140
132
111
131
113
169
142
122
119
164
113
95
80
164
119
118
129
176
85
121
156
164
192
143
113
172
114
146
150
114
141
119
133
190
178
136
170
157
138
143
145
149
105
152
207
120
112
94
193
142
178
133
95
118
147
204
164
155
116
124
144
148
120
148
177
125
91
98
197
139
126
155
141
128
146
125
160
148
153
174
174
113
125
142
176
194
136
128
133
86
143
159
118
104
103
169
102
157
77
138
188
69
92
123
105
131
165
98
128
138
83
160
150
152
146
184
148
72
110
121
118
169
142
111
160
130
142
146
178
154
161
105
158
141
193
136
143
49
141
165
192
97
107
153
147
171
163
125
121
147
101
129
98
167
122
79
85
82
172
181
145
168
184
183
171
186
149
217
187
195
191
149
120
120
148
126
150
94
137
98
204
206
115
132
117
67
177
151
159
110
115
163
134
122
146
176
90
105
111
75
181
164
166
148
130
156
130
206
76
196
126
140
168
186
81
102
125
118
128
170
145
103
200
128
166
95
146
159
176
164
114
114
136
127
169
118
146
106
85
128
157
143
164
192
109
169
151
79
93
83
143
109
142
125
104
120
133
161
145
96
167
160
88
116
143
111
144
155
85
133
164
147
207
121
128
162
126
141
197
112
212
191
133
146
161
172
105
167
160
90
175
172
178
144
146
179
110
64
141
189
97
144
161
110
130
77
105
117
147
142
86
185
136
210
180
112
201
115
106
187
79
181
127
161
137
187
151
89
195
129
92
157
130
100
149
126
146
125
83
133
157
114
178
99
106
88
139
153
184
115
71
195
100
168
95
126
150
121
105
94
190
120
156
201
158
144
120
154
131
142
114
63
88
146
125
186
124
125
152
170
175
131
91
159
110
125
82
101
118
174
212
135
167
118
148
157
98
168
113
208
97
169
166
118
168
151
125
178
87
86
179
113
127
109
163
127
119
109
173
153
129
107
155
177
141
163
114
154
109
126
135
130
179
152
73
140
246
138
143
119
99
135
202
126
77
120
156
92
149
234
79
147
125
158
84
137
154
114
132
158
185
109
111
124
189
135
137
125
67
156
119
161
151
132
112
206
197
209
120
141
110
128
96
212
170
161
133
172
117
96
129
133
125
111
178
147
104
89
98
137
108
128
167
210
142
167
145
75
116
200
81
127
112
124
117
150
138
96
72
82
109
127
133
158
118
145
140
173
127
159
130
131
119
113
137
159
114
122
176
159
147
108
101
154
152
121
128
107
93
92
154
181
144
156
74
127
96
126
169
139
143
89
129
109
169
157
116
135
108
150
144
81
199
117
160
162
124
126
107
112
167
136
167
139
116
122
129
148
159
165
115
179
127
139
102
139
124
179
55
115
138
105
189
113
93
200
117
164
84
104
108
82
141
120
124
83
128
106
102
182
88
113
140
118
151
122
114
166
110
114
146
113
145
104
144
130
161
109
88
125
134
200
199
126
165
113
202
82
84
186
143
117
125
70
179
172
122
131
136
185
89
146
89
88
122
118
151
153
114
178
117
77
124
131
153
194
135
116
172
135
147
60
158
148
179
130
126
166
126
154
98
112
103
163
140
142
133
81
141
154
97
132
87
127
138
102
87
97
85
50
39
158
120
118
181
107
144
167
113
209
161
98
148
165
77
138
123
104
100
154
92
100
157
167
111
201
194
104
149
166
134
94
171
177
174
114
115
107
106
96
67
109
115
131
151
154
64
56
179
110
130
91
155
126
93
176
131
168
91
75
108
146
136
81
141
163
111
116
96
73
177
125
155
195
118
113
165
169
116
134
149
131
105
136
102
96
133
149
141
110
143
133
179
110
120
188
130
154
89
101
109
136
217
70
173
143
122
93
155
137
161
149
145
144
95
158
143
127
157
146
162
136
81
110
119
105
179
151
135
146
222
191
112
127
94
109
168
115
174
175
121
154
128
115
159
163
147
132
135
139
182
138
63
118
155
104
98
155
154
141
113
154
86
84
112
152
154
93
93
121
136
126
141
100
145
144
102
186
257
60
131
165
150
131
189
110
106
96
129
157
55
142
133
135
150
43
160
121
126
207
141
98
168
215
125
155
150
84
136
99
104
174
160
219
167
143
99
142
113
116
112
139
142
134
124
94
116
139
143
141
78
152
155
136
87
75
112
189
183
121
169
157
110
205
108
133
145
151
117
108
101
100
136
118
108
160
108
99
110
146
115
159
127
127
158
142
68
142
160
80
108
100
49
150
93
125
125
90
98
166
163
187
173
138
134
117
156
182
132
95
206
118
145
178
125
86
120
131
148
114
105
139
145
148
192
127
114
140
156
162
171
139
192
140
87
93
155
102
116
169
118
124
220
144
130
110
102
140
110
78
100
120
96
136
156
180
143
142
116
84
137
141
106
138
127
120
148
156
108
182
169
134
228
145
153
166
119
125
85
97
222
106
128
175
123
150
145
146
133
182
136
147
159
110
85
156
142
120
193
125
131
134
158
140
118
145
156
124
171
184
123
145
89
106
131
163
146
189
128
78
161
94
154
127
193
120
70
163
176
130
180
167
192
212
91
115
86
114
159
123
129
205
137
158
105
124
113
178
176
114
113
174
102
142
176
85
142
170
175
151
116
163
106
149
119
123
149
181
143
167
70
147
131
181
120
137
189
172
70
199
155
108
150
116
80
167
97
101
137
128
108
201
108
145
81
112
85
160
103
109
69
118
108
148
147
113
95
150
219
173
119
100
142
159
116
64
140
131
187
145
146
143
151
157
131
185
77
133
178
130
85
180
112
107
111
119
130
78
136
145
106
114
178
104
137
124
140
108
114
88
115
93
98
134
138
139
177
156
200
156
184
172
185
150
143
104
123
101
169
127
142
153
132
136
110
125
150
204
93
131
130
124
178
142
176
136
112
216
118
117
133
187
121
88
133
149
112
81
128
107
147
129
95
117
152
154
120
134
115
145
152
161
151
179
144
191
151
135
114
148
105
100
190
114
175
146
143
180
69
110
134
144
121
99
107
176
151
172
141
147
102
79
109
133
145
159
135
124
107
40
180
87
101
99
169
148
73
152
148
165
102
89
138
163
137
118
110
131
138
153
145
191
102
108
133
131
99
113
175
171
123
167
94
151
141
111
112
133
101
167
143
135
132
208
131
111
134
105
106
86
108
144
131
150
114
191
128
85
88
114
107
113
120
136
83
126
154
118
178
188
148
109
190
139
136
169
223
110
126
130
102
151
120
135
114
180
81
102
82
146
151
127
113
162
129
113
108
97
132
156
96
116
109
161
106
118
104
229
145
184
162
148
67
193
147
150
70
118
162
217
113
106
175
138
109
140
115
122
198
58
115
154
70
108
155
122
122
149
206
193
135
82
174
134
175
184
100
117
123
139
138
121
157
77
130
108
163
123
107
116
182
118
163
116
81
110
147
111
124
121
163
105
155
178
136
78
121
136
149
133
125
140
153
201
115
169
96
142
83
120
126
131
131
144
97
139
145
126
149
128
154
182
104
173
185
136
79
97
118
143
77
83
48
156
172
59
115
147
108
161
119
125
151
160
92
133
158
217
106
126
130
98
158
258
146
156
127
170
108
154
125
113
122
211
162
149
81
126
108
102
84
87
175
150
207
117
124
151
135
121
164
184
150
143
119
116
100
110
133
206
142
114
182
151
134
92
146
166
104
113
152
124
159
78
124
193
181
144
173
136
135
94
125
103
95
171
92
163
122
67
156
125
142
108
123
131
172
163
83
168
131
199
113
121
165
92
184
179
147
56
137
109
171
159
140
132
156
138
149
105
124
187
175
127
160
175
83
153
179
172
153
204
154
117
174
129
148
143
100
83
85
188
155
158
108
144
130
121
150
103
112
99
149
85
77
145
137
126
127
127
200
166
98
149
125
117
145
112
190
123
173
137
161
111
128
107
124
149
170
144
189
106
114
128
130
100
123
105
161
171
132
101
131
151
126
99
131
107
199
147
65
184
126
121
148
154
150
83
105
179
136
126
158
156
110
144
171
104
177
86
122
125
266
222
158
113
114
108
136
111
164
187
171
117
168
67
129
109
208
166
95
124
164
183
130
147
189
210
76
72
201
108
73
164
160
146
132
77
138
136
129
165
176
162
172
144
144
104
106
108
141
133
118
142
126
194
83
143
147
177
151
134
161
143
160
156
150
174
118
189
105
121
147
142
146
131
150
116
100
137
125
149
120
119
171
111
167
83
143
139
116
155
141
135
119
92
114
147
138
135
150
161
144
111
142
125
140
68
83
191
108
129
154
142
118
101
164
166
190
90
174
201
191
138
179
123
113
113
141
78
145
160
125
114
161
78
212
86
103
176
99
142
126
124
132
83
120
152
142
145
176
125
108
132
141
161
141
94
94
111
140
142
156
141
156
145
148
113
124
128
133
165
127
135
163
141
91
111
147
66
143
112
149
143
80
107
52
198
108
174
210
182
163
108
145
128
153
161
101
196
136
134
121
118
197
180
177
169
112
109
92
165
165
179
113
50
154
158
78
194
127
142
154
167
162
118
159
112
132
138
125
111
156
146
116
98
177
172
176
111
191
81
105
122
96
102
179
109
158
148
194
136
135
112
88
169
176
169
139
160
210
77
185
112
91
129
96
89
233
158
128
111
171
105
131
129
217
198
120
124
69
104
115
123
123
114
159
110
135
104
146
151
146
101
143
130
102
173
85
114
154
125
124
82
133
66
168
117
129
85
88
186
154
127
132
92
97
112
129
146
156
88
101
131
83
126
81
148
187
131
173
119
210
143
209
77
192
144
81
119
175
158
162
109
161
95
129
137
101
144
130
101
126
150
203
191
171
87
133
139
167
96
112
112
121
134
136
159
158
167
93
161
139
154
100
161
125
126
132
150
180
135
126
155
122
130
100
123
124
176
196
142
139
136
170
106
178
153
94
81
155
103
148
152
156
110
140
117
160
155
132
140
91
161
104
150
137
154
160
142
146
116
157
119
128
142
85
159
124
195
153
133
182
100
99
118
126
199
125
100
144
113
151
144
149
87
105
79
122
138
140
100
128
187
133
120
132
140
111
149
146
104
78
86
161
184
192
79
131
83
159
139
113
207
154
196
91
91
160
136
135
152
127
107
145
131
154
91
105
115
165
141
195
54
103
46
96
149
136
129
156
114
79
130
125
52
103
91
175
175
116
144
93
91
140
156
186
192
88
173
107
125
119
112
190
123
66
166
138
213
104
92
104
126
207
181
123
125
118
150
138
122
125
158
181
118
189
144
112
100
170
134
101
109
103
143
100
149
148
94
105
101
132
146
211
142
127
105
167
110
150
148
137
126
161
118
135
99
92
116
31
117
88
119
136
98
127
123
135
160
146
159
157
121
111
82
107
119
81
112
148
153
147
175
109
137
120
183
120
142
130
150
143
102
147
155
154
177
192
154
102
156
137
183
162
143
126
151
145
112
163
176
121
165
108
76
102
132
130
140
80
87
107
108
178
91
119
153
148
120
150
129
111
133
146
105
98
77
126
163
174
154
135
116
91
168
166
135
97
131
154
72
106
150
146
161
143
166
158
101
128
119
205
133
103
157
152
91
138
86
94
137
148
125
120
149
135
162
158
148
187
112
100
143
195
112
121
144
169
94
175
183
200
46
203
98
99
166
115
173
59
179
124
132
116
85
135
74
114
157
151
145
115
94
238
142
95
153
176
110
187
147
185
161
120
107
219
93
137
133
109
126
137
193
101
146
130
204
123
146
183
123
111
108
109
182
108
135
131
122
134
133
191
82
206
197
202
187
87
143
144
88
131
170
117
137
188
194
91
142
70
124
172
163
127
112
191
122
176
171
131
159
162
135
176
45
127
175
100
186
156
155
102
76
128
112
81
67
59
152
150
116
149
238
153
132
209
169
146
161
110
97
111
174
135
207
136
201
161
120
140
147
117
145
121
171
154
159
133
139
85
167
161
115
117
181
147
113
99
161
114
100
198
111
142
140
90
124
98
172
80
123
95
174
176
138
140
132
127
105
97
107
166
138
145
128
125
101
143
109
156
96
184
143
135
126
128
59
133
145
151
126
83
123
151
85
149
119
161
101
122
122
61
177
120
124
171
109
141
127
103
165
95
164
192
139
114
226
119
158
123
102
127
155
146
171
86
105
135
145
142
149
54
190
114
199
92
147
136
130
91
159
176
109
75
136
156
133
198
148
88
182
142
188
42
191
149
135
118
93
109
163
191
136
81
138
151
91
145
159
64
84
175
250
151
179
126
167
123
131
114
73
117
184
198
135
105
172
178
90
80
129
150
192
174
155
149
147
113
218
159
174
175
135
82
110
109
144
129
151
69
120
123
171
165
128
150
183
94
106
132
115
207
138
117
151
156
112
135
130
103
150
167
106
162
169
106
167
93
115
163
109
72
160
123
121
178
189
154
133
73
148
132
126
143
195
174
107
138
155
93
106
67
126
64
150
90
132
119
202
106
160
168
114
127
103
124
112
141
129
149
126
142
120
161
102
132
109
143
105
143
126
71
173
91
93
131
164
136
210
193
90
180
150
114
143
113
158
125
102
163
125
126
136
160
123
103
131
121
130
133
116
179
73
118
115
102
100
150
121
160
119
158
155
146
105
182
159
153
127
179
191
118
160
136
196
132
111
117
231
155
142
149
157
120
145
157
152
89
152
94
153
138
141
158
151
146
168
90
97
108
220
117
163
112
250
69
218
180
160
95
83
131
198
102
206
116
134
112
111
158
145
130
134
187
209
148
118
137
155
183
107
162
67
109
197
83
136
102
157
110
149
114
150
141
155
131
186
110
125
113
173
141
80
160
129
139
148
216
50
115
201
93
161
124
140
147
119
171
143
105
142
65
100
93
129
117
158
136
139
161
183
68
101
234
97
116
119
159
89
90
190
112
119
149
165
203
84
55
118
120
154
151
123
130
176
162
124
140
158
132
163
84
123
164
101
130
187
169
135
165
70
186
142
87
100
124
169
87
161
101
93
194
69
88
157
171
181
187
104
93
158
185
101
116
106
101
164
72
93
82
169
57
82
196
178
146
136
144
131
190
151
75
189
142
95
166
127
117
130
199
102
181
143
132
76
129
105
128
115
177
120
128
145
146
113
186
139
83
117
135
115
129
139
156
151
120
166
87
130
90
127
108
163
131
165
87
128
114
111
176
175
176
82
147
198
177
169
138
190
175
139
126
113
172
202
147
112
173
99
88
128
135
208
140
133
158
104
158
147
171
169
155
196
80
160
179
82
119
122
141
97
154
171
107
152
156
125
108
117
150
116
136
158
174
97
147
67
106
113
174
140
153
104
138
89
159
98
74
87
81
131
152
117
49
114
206
111
144
124
143
94
116
122
118
117
145
169
85
182
133
155
138
125
184
218
106
160
134
83
151
141
151
157
100
143
124
120
196
86
108
93
135
157
168
158
82
130
106
85
87
114
188
143
187
129
153
131
141
93
162
99
56
132
192
134
158
188
134
114
151
129
138
165
100
206
120
228
145
96
145
120
79
176
132
137
152
122
131
100
177
158
102
133
117
76
190
87
141
104
149
205
96
184
94
106
134
188
181
124
67
138
228
105
96
97
181
112
170
107
195
156
121
189
164
176
178
161
176
168
105
76
173
138
213
98
138
111
148
103
95
149
107
90
89
104
148
174
107
147
175
221
150
136
168
76
127
241
127
178
149
115
131
176
169
96
162
87
159
118
101
164
49
181
149
160
76
139
116
145
200
115
191
81
146
157
126
123
111
66
68
173
162
112
114
110
110
152
99
118
113
147
109
113
168
114
110
116
135
100
185
100
79
148
67
112
121
155
105
107
151
66
129
116
107
120
260
165
169
131
84
104
169
150
132
137
115
145
159
169
173
139
138
135
196
116
97
147
160
79
116
171
81
163
108
136
161
160
141
150
154
144
178
119
93
162
165
130
143
140
126
102
94
164
151
119
178
207
79
160
96
129
162
141
128
123
136
109
117
79
154
137
143
109
146
109
205
191
83
134
194
169
124
100
118
135
82
175
69
142
112
120
128
137
172
154
133
144
115
208
76
56
90
157
132
92
141
108
150
178
117
152
107
95
121
115
115
100
193
118
123
118
128
123
163
174
166
131
154
190
159
160
93
127
95
143
119
137
144
179
82
167
153
193
149
143
61
95
87
167
109
142
180
87
172
164
149
114
138
147
152
101
129
53
92
140
140
114
87
174
101
70
121
146
168
191
99
119
82
178
120
127
165
142
127
119
156
195
185
182
100
104
145
151
108
151
145
165
121
113
182
136
137
168
176
141
151
96
176
112
213
203
104
158
118
133
123
93
110
117
148
146
161
148
151
121
149
130
101
137
123
115
171
130
169
150
156
120
154
103
154
102
88
113
122
116
150
157
118
133
154
108
193
133
133
108
91
124
124
203
110
98
80
211
131
87
114
171
103
145
181
163
134
158
163
77
139
192
109
125
176
90
109
76
108
163
122
201
147
205
181
158
144
172
113
163
104
177
129
119
231
130
170
146
137
121
135
140
141
116
117
161
146
94
100
173
48
151
198
97
153
147
105
148
109
137
131
130
94
179
197
87
151
126
87
171
142
227
131
156
140
85
136
142
194
198
251
152
87
163
97
178
172
136
79
117
102
155
94
191
136
145
137
143
197
98
110
135
172
90
163
118
101
150
93
152
166
136
89
115
116
148
109
139
170
157
108
132
149
182
171
130
113
96
136
103
149
141
153
92
192
99
133
120
174
165
176
75
115
125
146
114
190
90
155
156
170
149
150
141
146
156
95
111
108
138
123
101
113
91
112
120
148
94
181
136
144
116
155
122
113
168
175
191
123
77
89
102
129
80
149
141
198
79
127
91
115
95
186
110
155
190
143
125
125
135
103
122
136
134
151
84
180
158
110
130
129
165
85
89
87
94
166
60
148
145
108
142
215
146
133
145
201
118
176
110
98
156
123
194
113
83
149
184
101
164
110
146
136
176
116
112
126
114
98
180
133
108
145
176
139
120
199
122
101
204
142
127
178
131
122
167
151
174
104
110
86
108
202
97
134
147
175
141
171
167
185
132
104
138
137
168
93
87
59
154
129
71
107
154
134
91
140
135
130
133
90
121
151
83
146
110
222
126
94
178
92
106
171
98
166
91
146
107
137
145
175
155
60
78
145
47
186
100
126
135
98
131
172
103
129
158
117
170
128
142
89
64
90
149
139
165
125
150
144
116
148
125
184
93
136
87
148
101
124
195
153
130
169
153
123
99
110
165
130
156
152
144
94
148
88
57
125
148
93
80
102
146
117
115
152
97
148
121
155
195
233
115
101
146
146
114
131
127
135
197
110
202
113
133
108
178
141
109
78
103
135
125
154
157
90
93
97
144
150
89
100
109
112
163
157
153
160
157
92
95
192
122
172
156
94
148
157
131
206
208
138
166
112
149
79
170
187
119
115
86
107
143
105
168
168
137
138
88
158
120
145
128
111
119
121
147
143
125
84
128
91
93
188
72
197
76
169
183
145
150
134
79
140
149
124
184
159
144
189
131
118
164
104
133
92
89
115
155
115
148
90
123
94
140
80
175
160
98
118
182
134
162
199
125
122
102
186
88
175
143
145
107
129
148
78
85
119
100
110
126
188
130
177
192
149
99
125
201
127
178
145
143
135
57
155
119
147
82
70
204
123
114
178
140
161
99
113
158
130
117
137
92
77
133
96
199
151
152
126
100
118
145
102
104
135
158
142
138
188
155
74
144
101
154
79
143
144
111
166
136
152
154
139
168
180
115
150
118
135
230
133
188
139
189
107
124
124
132
141
123
197
196
187
155
161
162
161
116
188
91
117
144
68
130
133
161
165
138
117
173
173
187
105
76
128
108
164
123
169
172
196
146
98
180
63
188
140
110
130
153
115
118
64
117
122
155
179
101
132
68
148
92
131
118
131
97
136
111
189
164
144
84
162
169
192
103
117
124
163
68
78
130
142
131
114
150
115
51
77
90
94
144
110
117
154
192
148
106
92
191
94
91
115
122
73
155
111
181
162
130
157
180
206
113
115
109
113
130
181
101
146
115
125
169
161
145
163
141
135
165
146
159
203
107
118
119
104
168
129
133
152
112
190
219
176
116
146
93
105
121
199
131
222
121
184
136
136
123
197
127
194
70
127
143
223
177
168
113
201
101
106
156
126
101
93
101
172
105
78
131
141
143
137
120
146
115
136
191
125
82
167
129
114
173
164
175
138
107
168
173
172
125
91
190
145
132
217
134
119
133
221
106
192
75
119
114
100
178
91
153
57
106
132
173
157
105
135
145
159
86
114
155
120
207
103
149
118
136
124
60
74
126
77
133
125
118
160
115
132
181
124
140
172
147
117
131
153
135
200
193
75
146
154
141
218
110
89
154
146
140
90
156
106
154
100
114
95
169
105
117
128
135
97
116
162
105
143
112
111
84
104
88
199
117
152
146
209
182
181
118
173
190
129
203
154
111
112
52
127
138
106
159
94
113
140
123
133
164
64
57
77
121
88
169
176
122
220
154
125
165
130
193
103
127
175
138
165
160
94
153
119
135
156
193
119
120
178
140
117
117
150
151
139
112
93
163
121
116
111
189
180
165
170
148
116
55
107
121
148
136
131
149
179
165
162
117
155
99
135
77
125
127
153
160
144
142
104
156
88
125
127
206
103
148
179
141
146
105
109
108
129
142
138
137
126
109
124
135
170
158
140
143
101
134
96
161
96
127
124
155
111
125
99
126
178
89
161
132
134
132
142
108
126
183
85
113
144
169
207
140
111
133
117
111
195
141
184
100
201
167
124
136
147
118
187
165
128
147
134
152
114
153
110
153
182
78
96
119
112
159
80
132
159
100
127
153
150
158
161
142
152
211
75
128
129
136
129
232
113
147
155
149
99
140
138
136
147
209
96
117
142
199
122
195
117
156
134
187
87
160
139
125
145
109
173
112
81
171
114
90
130
114
160
100
185
104
98
193
148
81
156
116
137
167
96
149
85
165
217
203
203
107
120
145
92
135
150
200
133
118
93
204
171
118
161
176
162
81
129
160
133
159
112
118
156
99
143
100
140
141
127
140
103
137
124
136
142
106
146
93
156
108
180
166
142
156
187
66
119
160
60
176
153
140
115
141
108
103
120
148
198
113
142
168
161
118
107
262
183
147
127
147
157
85
107
128
96
183
136
135
169
97
222
97
166
129
120
181
118
111
125
113
144
153
60
129
73
183
122
137
150
114
140
130
121
166
154
142
91
180
192
136
101
121
129
138
162
137
143
139
175
61
182
184
93
150
175
78
160
90
184
158
81
94
126
127
143
192
138
180
125
128
110
99
155
165
152
102
113
106
96
181
98
131
152
156
117
186
115
153
83
147
134
155
133
168
143
106
114
115
110
168
114
148
117
133
102
130
143
124
131
143
146
74
87
117
191
184
89
134
128
115
156
62
139
172
106
119
141
114
86
227
156
120
164
209
138
121
158
115
176
102
137
162
206
125
226
94
113
143
105
206
160
145
133
86
128
243
175
126
83
104
84
181
117
134
193
184
193
183
106
115
141
144
155
142
86
175
166
124
157
141
82
170
107
109
177
127
127
92
148
198
96
112
245
199
123
172
140
149
105
146
144
108
101
196
92
153
118
140
107
122
122
122
107
158
137
79
153
88
57
108
87
110
167
147
90
85
86
114
101
129
121
181
148
127
168
62
143
151
97
161
109
106
176
119
106
76
174
163
140
145
141
230
93
165
162
129
166
79
171
192
123
143
88
70
129
122
144
173
142
139
122
144
129
164
107
121
134
106
210
162
127
156
151
205
159
134
212
131
175
131
159
157
146
157
84
158
175
119
114
126
167
74
209
176
169
130
128
128
132
112
81
160
84
199
70
124
117
111
76
103
139
182
217
148
177
136
141
174
127
134
180
119
162
78
104
154
224
109
122
131
163
133
133
108
163
159
104
171
182
147
133
167
150
122
100
92
152
138
124
163
96
205
67
141
138
150
113
134
145
111
126
120
98
109
168
161
159
92
189
203
151
157
129
137
143
130
80
130
122
61
111
107
130
142
157
111
231
131
150
55
138
162
204
90
102
92
53
98
123
124
143
123
97
152
158
111
226
192
110
141
95
113
145
175
150
178
134
110
144
161
190
114
77
131
141
135
130
96
167
149
141
147
97
166
123
95
100
219
130
146
136
183
119
158
88
144
81
140
183
152
138
123
95
181
142
130
135
130
133
113
177
225
79
58
95
96
87
139
121
126
144
170
109
139
141
95
204
126
146
181
113
108
132
138
157
144
140
76
152
155
174
169
128
122
143
60
116
131
219
162
148
137
111
187
138
56
90
106
199
175
132
134
122
134
147
107
160
120
108
105
88
177
76
100
182
108
96
120
173
125
149
75
147
158
100
83
108
138
111
120
168
91
178
161
165
110
138
127
148
77
168
106
170
200
89
130
96
191
211
150
121
141
185
76
70
118
118
96
128
134
142
98
135
146
125
123
119
202
176
122
133
126
102
116
83
113
123
214
128
139
146
137
119
124
182
130
144
77
134
123
158
182
136
107
68
147
127
112
151
192
204
150
134
159
143
127
139
169
116
153
129
76
112
62
81
199
140
127
86
124
119
106
99
151
161
150
82
119
159
108
114
172
110
123
108
172
101
143
168
156
135
138
208
81
113
111
133
129
110
195
97
104
121
158
129
102
137
159
121
124
151
111
163
126
105
123
171
104
122
104
80
73
122
151
70
123
141
101
103
113
110
108
125
122
100
144
105
174
117
168
121
108
133
110
168
130
92
111
150
120
132
122
203
189
87
199
102
166
133
187
151
155
83
151
142
118
192
108
172
102
139
119
139
167
93
117
137
142
138
136
204
110
79
148
98
128
121
177
187
139
122
168
125
134
158
151
105
202
66
88
154
140
145
122
91
140
115
138
119
108
107
114
155
185
58
145
169
127
123
115
98
154
157
64
272
161
131
203
128
126
105
127
98
179
100
141
101
111
133
106
129
75
189
184
186
138
80
130
89
138
138
213
114
111
117
137
133
180
204
146
64
120
32
99
115
143
96
118
144
168
69
188
160
119
69
130
119
126
113
118
138
172
159
83
162
139
123
146
101
125
148
170
135
192
141
114
141
137
108
88
112
121
170
171
163
145
148
106
98
141
149
141
73
138
113
106
175
88
135
129
162
184
124
221
157
128
178
119
130
98
104
138
146
141
100
89
101
102
114
91
230
139
101
159
124
169
103
202
190
126
79
139
84
143
112
90
132
164
171
109
81
156
74
138
140
91
136
149
189
145
185
140
117
99
149
54
87
147
124
176
156
123
99
123
123
102
178
150
143
101
125
223
147
166
118
141
182
201
136
137
146
170
202
167
111
111
117
118
188
184
130
142
143
116
144
134
116
119
87
107
129
101
133
144
127
88
151
114
150
111
177
163
178
127
163
83
174
157
113
120
120
185
124
68
106
104
100
177
138
156
126
128
124
86
87
147
85
129
197
107
136
150
130
124
130
115
135
159
187
103
119
131
63
117
136
84
125
155
175
108
161
145
153
130
199
90
182
150
143
126
144
120
194
141
181
84
117
103
134
141
189
162
152
169
157
99
96
121
169
122
165
107
144
142
115
108
167
132
93
144
186
111
128
168
121
130
161
116
114
52
231
107
135
58
126
95
182
121
154
65
191
117
141
217
145
112
139
132
114
147
169
104
123
104
125
150
136
158
128
184
119
169
131
133
140
174
119
134
133
189
140
110
106
153
99
49
134
131
171
154
176
166
141
169
157
96
160
149
132
148
148
150
197
176
125
84
84
122
177
118
121
143
140
139
99
136
125
102
124
127
142
102
181
103
114
127
195
136
165
155
164
143
135
145
198
156
95
148
157
94
122
157
140
107
176
91
136
200
195
187
203
132
182
144
119
153
99
158
132
148
107
177
122
102
226
169
136
104
91
101
85
103
175
110
111
174
97
138
129
99
149
117
154
121
81
127
142
144
100
121
174
176
105
117
136
70
155
97
111
105
188
148
97
246
113
176
128
124
124
180
142
145
220
180
106
91
94
157
96
117
186
199
90
125
142
147
115
113
65
158
111
154
91
119
172
150
126
145
123
118
121
142
149
125
138
200
106
227
206
185
145
102
176
124
153
130
82
74
116
144
164
124
189
146
163
134
160
133
128
194
147
191
123
106
134
123
123
175
129
172
109
76
73
96
184
176
108
132
127
152
112
113
177
181
154
161
118
153
130
123
136
64
123
130
157
76
102
131
93
136
65
198
77
123
117
162
169
86
170
157
122
158
127
137
113
161
130
153
91
169
82
229
134
152
140
130
82
144
117
188
93
93
126
87
116
148
93
173
109
149
98
181
135
117
160
104
178
146
204
153
130
154
136
71
109
75
201
65
116
87
117
152
88
194
88
128
88
111
110
180
101
72
163
171
110
124
86
145
108
121
189
149
181
155
112
202
147
148
180
153
157
165
195
172
167
168
109
181
155
131
144
123
175
115
123
124
131
161
147
167
91
148
142
127
89
104
137
126
147
115
96
184
128
136
92
68
95
185
82
112
177
153
92
194
144
138
108
143
100
100
128
116
112
160
136
93
83
157
152
137
113
125
164
97
134
139
132
129
122
120
160
70
127
123
134
149
182
115
186
112
130
186
112
167
202
98
182
109
198
150
149
154
161
130
153
127
82
154
145
91
110
162
149
184
76
81
155
121
190
134
115
86
126
141
98
103
67
110
158
165
160
109
105
102
150
123
184
122
162
146
188
126
120
121
145
126
124
136
96
111
114
168
195
147
203
137
149
151
128
175
101
135
110
143
126
99
140
122
195
118
175
98
155
119
116
103
140
124
175
160
121
196
154
133
88
158
154
158
117
178
143
155
152
102
99
144
109
108
105
117
152
47
160
142
137
104
122
183
112
152
102
128
150
153
161
170
179
196
146
129
93
134
126
185
147
180
183
62
147
102
84
188
131
111
94
111
180
143
181
196
108
110
136
84
141
156
80
122
145
155
126
184
82
127
160
145
105
173
100
140
195
109
126
180
75
142
213
148
105
130
141
183
169
106
124
158
109
72
120
170
147
163
135
147
75
115
110
142
128
141
152
98
130
163
140
151
112
200
150
164
169
198
122
89
126
174
184
152
132
101
154
138
165
206
103
114
204
169
108
139
117
172
60
159
78
180
132
86
104
151
121
187
162
106
119
110
178
164
184
179
159
