105
119
136
179
150
155
157
170
215
155
129
151
173
178
114
171
159
150
122
158
94
179
107
126
182
175
195
211
157
115
153
162
143
118
139
173
147
159
165
148
121
113
121
185
146
128
112
200
161
77
113
198
140
169
159
157
231
164
99
168
170
164
140
142
170
144
152
110
169
176
167
122
113
188
190
135
197
132
144
174
136
110
138
199
106
225
152
161
136
128
198
158
189
155
132
96
108
175
97
162
181
163
117
195
134
192
181
175
97
179
111
100
171
206
214
195
161
81
201
147
119
158
172
157
133
101
195
143
146
141
198
192
138
184
145
218
158
151
107
101
156
151
181
142
74
156
136
139
193
119
159
193
177
149
150
211
156
135
120
151
183
134
133
160
132
195
173
130
137
181
237
137
159
121
115
82
161
155
101
145
170
175
157
185
139
209
174
195
200
145
152
164
130
163
182
139
141
115
142
153
159
139
145
109
131
176
156
115
193
156
91
173
127
148
128
113
144
182
129
163
152
171
145
138
143
134
160
201
95
103
158
70
180
85
180
186
170
135
116
148
127
179
181
104
150
127
177
192
168
145
119
164
149
153
137
116
158
164
150
165
157
195
173
115
108
161
85
189
206
183
121
149
159
168
189
196
185
161
136
160
153
197
203
170
84
166
215
171
161
145
138
156
124
153
169
174
171
173
143
174
137
102
164
150
229
142
156
150
168
194
145
210
173
139
130
135
204
162
164
81
191
156
94
154
189
157
104
214
180
98
187
151
139
142
185
170
146
174
128
101
198
171
137
122
184
104
158
136
187
174
143
167
210
99
137
129
199
172
128
161
177
201
128
158
125
153
104
197
154
192
170
178
128
157
186
194
199
84
128
116
205
148
136
148
142
213
126
140
227
127
124
148
225
144
168
177
169
221
170
154
230
203
216
116
236
129
172
210
109
116
158
200
142
102
94
111
210
193
135
184
120
149
140
92
209
195
153
188
123
139
115
168
92
155
159
187
158
137
170
197
166
134
140
108
186
171
147
188
183
131
152
135
86
99
123
177
119
150
178
148
153
133
191
134
166
244
269
129
180
118
243
200
161
175
121
51
98
118
124
189
110
147
168
184
219
119
176
151
134
193
168
148
149
197
211
164
157
176
175
160
239
142
148
126
186
146
176
153
212
184
182
178
163
143
169
123
190
146
124
190
126
93
122
139
143
201
153
175
174
134
159
155
163
136
216
210
159
179
173
94
89
93
126
77
137
160
160
117
165
147
174
155
178
177
189
187
113
103
159
208
123
129
113
137
118
103
118
167
124
262
144
133
177
148
140
152
132
125
142
242
162
159
195
154
162
154
197
171
172
137
145
104
118
162
143
141
113
167
123
147
162
187
168
126
143
169
187
183
114
197
179
150
213
159
167
85
171
161
138
196
208
105
149
195
195
189
167
139
166
101
140
140
153
135
225
126
105
173
188
184
200
99
203
144
198
208
190
175
209
102
92
178
174
148
177
137
132
145
180
159
189
185
160
137
207
140
139
141
171
135
141
100
92
146
114
173
175
146
154
107
175
186
148
158
122
199
161
187
187
158
137
113
162
154
183
186
149
156
191
210
196
166
222
118
119
135
130
134
188
160
184
184
144
143
104
138
173
140
183
197
121
128
128
165
94
151
127
103
121
195
212
199
127
211
261
183
165
159
182
118
163
150
136
164
178
163
126
124
205
94
134
198
115
148
158
174
208
161
191
114
174
208
170
170
151
127
105
169
136
194
121
185
191
139
136
133
141
129
153
154
151
154
206
191
158
155
123
170
231
104
134
215
164
148
142
120
178
205
154
168
145
161
136
130
128
142
156
116
112
188
175
157
137
128
150
139
131
197
127
168
172
158
145
197
172
141
149
130
189
177
127
160
125
183
142
134
132
158
195
193
133
209
159
132
155
145
124
173
184
164
174
189
190
124
134
139
154
179
163
135
185
115
146
165
146
212
149
166
73
163
131
127
190
95
153
102
129
120
205
196
164
157
120
110
139
167
211
163
130
108
131
100
149
131
187
198
138
130
114
89
127
106
174
131
144
106
157
198
195
140
163
163
136
189
185
124
137
135
187
183
166
93
146
113
126
206
88
179
167
157
155
174
96
96
165
135
159
173
210
180
187
130
164
221
129
154
121
133
172
188
191
114
156
103
143
169
124
61
93
176
116
181
214
195
113
189
125
128
123
116
158
104
102
162
145
147
148
176
133
193
225
170
214
131
239
183
162
45
128
185
135
108
171
141
180
161
117
175
134
145
130
141
125
145
106
124
204
140
139
118
171
153
93
124
160
84
162
201
148
186
129
116
146
117
144
127
77
123
163
157
196
170
183
157
104
121
109
119
137
122
130
218
181
158
124
136
147
191
186
139
136
195
177
211
228
164
92
190
178
176
153
163
153
184
137
183
105
167
180
141
135
187
181
189
183
151
129
94
174
102
150
135
163
144
192
177
114
189
143
155
85
177
151
120
130
124
205
125
174
131
214
147
86
212
118
123
177
171
148
114
123
188
136
104
126
184
123
223
124
183
183
111
132
148
152
207
132
134
162
117
94
69
112
206
148
145
128
142
129
178
159
152
122
191
214
157
131
117
150
133
196
121
155
179
160
185
102
131
125
171
177
129
89
166
176
154
126
119
126
128
122
145
177
137
165
159
179
132
144
113
131
146
114
82
204
155
109
186
141
93
99
135
131
98
148
130
83
156
195
158
173
98
87
126
154
138
216
197
175
131
149
142
174
167
139
220
242
115
161
127
167
230
146
122
158
179
116
185
141
180
162
118
196
182
114
136
196
146
174
132
174
162
146
210
139
190
133
162
140
114
125
162
153
112
209
73
161
177
160
130
188
187
123
115
160
117
156
203
163
128
178
96
183
126
139
149
158
162
150
98
166
202
233
193
157
166
146
142
211
141
181
158
136
144
157
125
164
146
190
135
142
121
215
107
119
120
188
134
177
171
143
141
130
106
165
142
225
114
120
132
122
156
120
178
218
107
146
108
151
142
179
155
212
166
163
156
200
134
92
190
154
233
170
112
125
147
170
207
151
98
194
160
124
169
135
150
166
159
92
197
154
161
98
129
94
165
196
196
182
157
161
73
130
215
148
54
174
202
116
168
140
164
137
165
117
124
147
150
185
151
129
128
109
183
193
159
156
126
115
133
148
106
214
131
124
86
173
133
142
108
124
138
212
147
140
149
120
210
131
150
138
171
191
136
135
155
131
214
148
175
130
137
161
192
112
225
189
176
138
127
202
138
112
164
98
133
149
90
168
161
119
183
182
117
145
152
157
132
149
137
104
155
158
151
136
150
153
142
122
187
161
99
157
192
111
157
179
138
175
178
117
177
200
153
153
167
175
168
131
192
152
213
147
167
225
125
154
152
200
159
120
177
176
154
112
141
155
110
174
164
111
173
164
157
225
195
181
216
183
143
166
101
127
101
98
128
183
176
150
135
148
156
150
159
182
112
160
182
222
186
216
142
179
230
187
197
132
126
204
167
155
141
79
191
123
132
158
113
165
173
92
148
177
61
201
99
145
158
109
98
134
177
150
90
128
179
140
154
214
132
97
159
190
218
136
181
158
227
166
117
125
138
156
163
97
116
176
183
96
155
90
176
181
136
188
185
115
127
212
110
153
121
98
114
101
151
93
92
135
194
124
153
124
91
179
175
177
138
136
199
113
147
201
77
147
149
190
188
78
242
197
113
100
150
227
163
97
107
156
118
124
167
152
134
163
175
106
186
156
192
148
85
178
194
125
135
120
178
158
174
91
154
117
186
157
102
180
192
143
136
113
85
172
149
120
175
114
172
154
158
201
158
225
210
150
161
137
97
155
198
160
190
167
169
151
153
181
98
92
152
164
168
104
141
140
194
128
123
102
171
167
139
90
163
162
121
106
131
226
112
168
77
115
164
140
96
126
155
178
236
74
179
156
147
161
85
149
113
117
159
134
142
203
115
163
128
151
238
118
173
163
174
167
95
171
142
141
170
149
127
172
147
174
183
198
122
160
180
122
249
124
153
168
146
157
169
150
146
174
179
113
162
187
131
150
156
148
170
103
140
106
186
140
173
132
182
212
127
155
190
155
141
144
164
81
178
158
185
176
197
199
163
166
150
97
151
213
77
187
158
165
151
150
163
144
86
130
178
115
162
95
225
100
137
128
113
196
168
187
123
154
194
184
196
217
132
136
200
96
171
207
170
227
168
130
165
157
170
148
58
115
175
169
215
128
133
170
159
120
159
187
169
129
185
108
200
83
174
128
163
192
193
163
175
137
164
173
186
173
218
254
86
120
83
165
177
127
209
121
107
104
142
169
168
157
147
259
163
173
97
127
126
143
147
161
96
180
184
185
126
189
113
145
184
150
247
185
114
88
163
169
218
176
117
184
201
202
183
162
85
157
184
162
58
135
155
123
161
112
210
156
187
120
177
88
178
207
185
178
173
200
200
125
178
153
89
203
141
147
155
124
115
135
199
146
178
194
138
105
188
97
120
134
142
120
131
125
154
189
89
140
124
214
194
194
130
153
175
75
104
188
145
108
138
147
155
132
140
101
173
146
157
165
213
185
136
168
96
168
176
89
197
208
181
185
147
137
107
111
159
98
141
215
176
154
159
152
124
146
205
126
164
95
116
129
180
157
104
180
231
200
135
169
154
70
176
176
223
187
91
81
137
82
123
166
118
148
81
195
173
149
131
134
200
155
157
104
121
206
120
171
140
144
146
180
180
117
187
201
166
112
179
195
156
135
175
133
109
191
159
200
146
185
161
222
200
153
153
159
181
97
182
129
147
148
80
170
114
135
190
206
82
150
221
210
127
156
135
163
122
179
154
213
100
128
219
165
173
81
114
121
174
126
129
224
228
141
142
113
148
107
149
153
101
134
190
125
149
160
151
123
208
168
180
147
130
145
172
151
171
180
240
117
175
175
131
127
191
140
171
135
90
124
158
194
180
155
219
160
128
112
143
183
112
117
178
154
166
108
128
122
201
184
123
197
125
144
100
195
168
76
131
141
202
198
160
158
138
161
123
131
163
154
123
148
131
105
207
174
154
129
137
120
189
215
194
115
228
188
167
151
137
158
129
145
150
233
155
111
159
123
170
132
141
125
164
109
104
181
156
161
130
119
81
150
150
155
161
161
143
71
247
165
178
174
201
135
124
182
181
88
208
117
171
67
103
113
146
142
157
139
204
167
177
143
138
137
210
98
130
164
186
189
159
86
102
93
166
173
103
125
193
154
178
174
104
103
134
172
162
180
106
141
138
176
97
121
110
122
164
123
167
192
219
173
174
145
113
141
155
175
116
84
142
163
158
118
183
116
190
219
169
105
161
169
97
144
150
147
149
111
125
216
170
111
111
124
129
164
172
134
228
118
90
231
127
143
168
122
161
131
121
119
120
200
144
133
132
203
143
158
149
162
122
155
127
106
173
156
190
193
127
135
182
172
141
186
103
154
123
155
168
144
143
104
182
162
148
180
169
177
167
196
132
155
150
154
169
181
152
97
148
130
66
116
147
96
161
127
176
141
143
174
198
171
168
166
200
218
135
145
121
192
138
139
157
134
166
167
239
199
167
147
192
181
110
118
137
167
137
188
149
152
245
155
181
120
148
131
174
201
215
150
180
141
228
189
149
141
118
179
129
165
208
111
126
197
164
140
182
166
137
114
116
133
116
138
160
191
153
190
196
181
124
127
166
127
188
215
98
146
140
143
165
182
171
157
156
117
114
179
205
101
175
136
226
160
165
154
167
105
147
175
130
165
114
192
84
145
112
194
172
187
198
170
118
238
119
103
112
146
147
111
202
201
86
175
144
215
81
143
133
126
137
154
135
149
141
187
158
203
133
190
153
179
124
132
181
198
146
169
139
168
157
147
163
132
205
138
164
77
193
151
139
98
171
157
212
166
151
196
163
186
254
96
130
126
174
160
126
139
149
145
132
114
122
122
103
89
158
179
168
158
134
166
143
83
195
209
169
208
110
97
211
169
147
125
183
241
121
150
94
123
156
226
172
125
191
113
137
205
134
171
217
139
148
202
116
156
177
89
151
156
197
203
184
111
206
165
165
135
178
160
188
243
157
148
108
143
184
124
117
160
145
139
140
207
107
149
159
164
132
133
196
85
116
161
122
105
113
156
153
222
192
151
189
104
99
89
89
159
144
124
133
138
133
139
147
98
128
149
151
152
145
139
161
124
118
146
141
80
175
148
135
223
219
195
122
154
130
146
105
149
189
109
153
108
155
162
97
96
100
146
185
217
140
191
130
237
178
121
192
122
106
198
79
70
152
204
197
189
145
224
134
98
200
174
154
199
204
90
165
121
111
188
155
177
125
117
150
125
213
149
155
105
134
215
159
150
137
162
190
136
149
155
139
182
143
197
134
120
133
148
182
131
100
121
168
202
132
129
190
200
170
199
137
147
144
155
140
156
220
189
202
160
201
135
93
166
218
202
175
156
107
177
174
182
128
204
123
96
164
201
102
144
195
133
89
158
126
109
140
98
130
173
115
182
268
166
166
130
140
166
169
170
152
107
149
249
109
172
209
185
112
151
165
142
163
98
133
181
128
128
148
179
120
96
148
165
205
131
129
216
148
130
117
122
200
118
184
196
140
122
201
145
117
156
174
133
171
129
156
194
122
148
159
159
174
200
158
112
130
128
108
94
168
172
111
188
184
116
114
125
109
96
117
158
107
166
125
159
236
173
142
156
130
95
195
86
140
146
136
166
254
145
166
123
120
109
98
141
121
122
144
170
131
154
207
178
152
177
157
116
119
146
109
102
168
158
245
181
180
202
241
163
109
178
181
156
100
145
140
149
91
180
141
160
145
123
155
101
165
142
170
89
139
207
212
133
137
127
204
162
147
97
164
127
165
120
175
137
116
135
136
105
95
157
188
141
102
133
118
97
181
129
156
173
169
149
170
188
116
164
189
109
142
196
165
54
250
81
168
171
129
110
154
147
200
159
175
94
141
186
157
189
115
152
220
121
186
119
160
185
201
160
175
226
117
161
164
212
184
183
93
192
83
160
194
178
180
125
137
194
193
153
192
139
145
169
219
118
138
195
139
133
135
157
121
169
134
86
163
171
178
153
133
147
107
168
172
190
138
162
160
172
143
224
120
199
145
172
169
159
95
109
121
99
167
138
166
111
150
155
193
173
67
250
180
201
161
164
159
133
121
159
180
167
130
159
160
156
139
170
209
190
170
154
153
126
127
161
185
119
83
247
197
163
109
122
75
154
117
162
126
116
146
153
102
119
84
110
156
192
152
165
157
109
113
158
124
119
84
120
182
155
168
150
146
135
124
201
177
111
191
121
106
193
137
122
156
135
122
104
187
154
169
177
152
148
208
179
154
146
111
143
96
102
193
158
140
119
151
144
149
191
161
185
199
212
166
102
143
112
166
138
134
146
171
167
246
206
123
162
229
217
129
163
154
219
210
155
194
245
147
180
183
151
113
142
144
177
135
97
133
98
139
162
219
149
164
181
162
137
139
135
152
193
151
194
126
83
116
146
189
154
134
183
128
140
184
139
71
166
240
162
135
168
122
66
158
117
237
184
164
93
144
190
170
173
135
133
150
113
89
140
175
168
186
89
121
134
180
243
163
131
167
127
133
194
125
168
171
117
167
117
162
199
192
144
153
195
162
174
133
140
106
135
154
134
123
163
190
144
126
217
108
143
167
184
121
198
173
116
155
115
134
157
147
171
235
152
195
153
165
166
201
127
132
208
216
141
205
130
176
222
157
175
151
76
115
149
172
193
176
106
144
189
162
191
154
191
206
199
135
189
178
143
152
86
184
186
113
133
123
148
169
101
112
171
178
200
117
172
131
162
117
147
101
176
116
171
159
156
181
200
144
222
144
152
209
159
189
147
177
195
150
147
166
152
162
155
134
150
194
211
202
130
121
144
187
139
132
125
186
138
187
158
139
117
194
147
156
155
115
132
103
141
132
132
141
196
199
202
150
138
168
133
109
154
182
184
110
171
174
81
102
220
143
180
116
220
155
125
177
111
213
131
199
130
117
210
229
96
147
156
169
144
210
166
84
198
197
108
149
180
166
210
169
133
123
167
144
151
106
190
200
184
166
260
178
129
180
179
156
194
159
119
153
125
94
151
162
175
174
226
164
174
126
164
146
129
153
183
178
151
100
75
144
156
197
187
189
138
101
173
137
112
157
129
144
150
169
137
82
224
120
178
174
158
157
208
168
127
157
159
146
185
151
190
116
137
220
177
83
111
192
123
192
131
162
118
197
168
92
138
114
124
130
186
104
89
131
140
161
121
86
155
168
125
188
115
161
178
157
119
189
223
187
121
188
149
96
130
155
130
182
176
148
174
129
208
145
226
102
158
190
150
120
116
202
131
210
83
170
139
167
174
138
126
147
115
172
179
103
173
151
174
115
164
154
125
161
124
172
167
144
141
181
147
128
145
147
95
233
223
149
155
124
179
140
142
93
157
165
138
150
213
148
176
188
147
172
192
211
136
203
137
178
99
189
207
142
138
131
153
202
167
145
150
110
170
184
206
184
144
139
152
154
82
129
142
144
123
112
127
164
167
153
134
116
162
114
134
140
191
135
161
139
173
138
160
136
158
207
171
120
87
205
130
196
170
195
126
173
182
197
149
110
169
199
156
138
149
147
159
178
151
187
135
134
113
126
132
214
147
228
161
198
161
163
121
174
137
141
145
132
166
174
123
117
87
198
117
180
101
175
103
129
149
130
174
157
156
164
203
119
154
200
200
245
186
146
141
213
183
171
176
150
247
216
184
104
218
190
120
185
180
168
170
107
160
178
124
86
191
119
101
178
170
102
197
172
148
147
144
175
100
190
179
192
116
205
191
131
148
159
137
194
147
115
149
169
167
174
104
147
137
151
117
164
207
168
159
235
101
136
125
127
72
162
195
178
203
103
175
184
141
133
111
138
147
155
169
119
138
100
190
94
219
149
121
149
183
160
170
126
142
112
151
163
168
195
144
96
112
191
113
122
78
179
220
138
165
187
146
140
109
177
193
110
208
115
122
193
163
201
158
168
172
222
227
144
81
162
173
151
124
114
152
216
139
163
240
184
144
122
198
114
166
178
132
109
163
175
183
173
114
181
172
156
126
178
144
157
167
270
97
136
193
195
187
193
198
98
126
98
151
134
153
124
167
181
144
141
189
200
130
183
159
134
144
175
152
176
185
128
209
125
180
171
149
155
165
119
117
144
134
154
212
111
184
148
148
140
184
133
155
216
161
161
164
106
222
161
119
129
190
151
218
107
113
177
176
130
153
185
187
131
204
188
161
195
84
171
128
97
153
152
160
106
198
172
124
144
145
125
228
147
110
99
146
213
153
170
136
168
123
153
184
148
138
80
125
94
124
134
89
129
170
141
128
108
110
95
130
165
175
210
156
179
144
115
156
175
120
130
88
123
144
154
131
127
127
200
171
218
142
158
225
185
150
158
156
173
163
105
126
215
136
160
160
130
59
162
115
102
134
196
141
240
180
149
131
87
170
183
179
199
113
178
157
223
130
133
186
199
159
180
230
130
165
152
92
187
125
208
87
144
161
114
153
204
136
170
99
137
158
92
106
142
121
117
166
154
201
196
108
166
127
156
141
110
173
152
179
105
91
135
156
134
153
152
134
103
150
130
188
173
171
166
207
225
176
170
125
167
203
120
144
158
109
153
208
172
172
162
127
170
164
172
153
140
220
156
159
128
177
98
210
124
169
101
188
133
120
195
138
232
145
160
140
171
95
177
197
116
191
165
165
170
143
183
105
131
97
168
124
153
221
170
111
108
206
157
110
219
152
142
117
155
89
166
133
162
121
185
173
206
187
90
205
135
206
150
158
206
126
93
109
152
117
132
165
133
146
175
113
183
111
123
171
113
217
152
166
154
116
170
97
190
164
166
184
188
135
189
96
116
116
181
144
151
154
156
164
109
227
164
174
82
138
190
124
121
100
138
133
157
178
145
81
229
187
114
202
160
149
131
109
135
110
137
134
186
141
155
162
188
193
141
142
166
45
191
163
157
123
158
158
184
185
138
181
143
179
189
127
150
154
151
111
109
223
157
96
90
166
128
109
182
164
190
182
178
103
174
180
188
147
119
100
121
129
81
172
166
102
146
160
136
223
159
188
171
156
142
151
134
161
113
149
209
148
144
205
131
203
223
144
142
170
159
173
131
105
121
110
160
122
188
128
177
133
170
135
165
188
156
166
158
140
193
128
125
151
101
169
158
139
173
126
240
174
136
150
133
202
113
154
163
191
129
122
147
115
71
173
189
116
148
148
193
118
122
127
132
224
139
102
123
152
128
194
162
87
135
142
126
148
178
145
177
129
115
155
210
86
138
122
158
87
152
208
149
181
136
86
185
155
158
173
146
89
206
125
106
156
187
143
111
211
150
122
167
162
151
128
193
112
186
147
176
145
138
139
95
173
140
150
163
117
99
137
111
148
107
113
149
163
167
212
154
91
145
169
124
119
140
251
150
134
112
116
107
197
108
126
120
147
127
156
204
112
121
266
165
138
145
181
168
174
158
217
192
160
123
119
144
165
131
182
154
161
123
152
185
84
127
196
129
141
178
130
140
157
140
187
156
128
210
138
153
192
171
179
164
149
198
157
155
192
207
110
103
155
130
131
95
199
151
166
110
131
165
149
140
173
200
185
162
116
117
163
132
125
148
170
167
190
148
135
198
124
159
101
120
97
188
91
160
144
105
197
160
121
97
160
105
165
179
81
152
147
109
177
147
152
135
101
111
179
90
143
180
141
173
182
147
170
165
105
133
192
141
219
222
153
196
68
182
161
165
117
128
151
197
165
160
128
139
166
87
125
194
190
165
196
155
164
136
167
208
186
129
169
112
175
197
199
126
93
151
222
80
134
195
131
114
111
194
141
108
181
153
173
101
200
166
171
156
101
120
169
161
149
91
135
146
159
174
172
165
121
140
94
134
171
184
167
161
200
105
155
199
163
179
183
160
208
133
95
164
156
120
121
112
181
85
212
130
152
201
191
141
143
200
100
203
127
171
95
115
176
133
145
106
144
165
149
105
147
97
99
142
152
120
197
163
134
147
120
194
161
123
94
95
149
141
156
135
139
159
153
72
147
131
146
139
169
155
105
171
193
184
134
210
133
128
211
139
150
108
150
159
120
91
127
181
184
127
127
95
135
127
138
163
144
175
98
145
157
146
94
111
156
189
94
170
197
137
139
113
129
142
159
183
192
122
248
127
143
149
213
126
161
141
145
115
130
170
161
127
114
166
149
115
121
122
152
148
162
142
186
180
157
148
123
73
93
115
163
163
105
186
160
120
168
125
156
155
203
128
155
210
128
111
197
132
142
181
118
159
141
152
100
208
133
161
160
154
184
155
169
170
230
157
139
158
143
157
123
193
150
212
205
172
191
92
134
125
156
190
102
121
152
152
159
174
177
189
137
133
159
202
130
188
133
207
162
155
108
193
203
177
81
183
87
207
133
177
174
160
111
158
109
138
118
186
188
160
175
208
182
203
140
115
202
139
150
125
145
189
174
105
169
159
101
222
118
155
165
146
207
189
142
199
83
130
156
203
110
150
107
142
113
92
176
106
157
171
141
152
149
119
155
183
175
160
152
154
173
141
175
128
209
179
216
132
169
173
168
90
129
136
110
127
180
129
170
157
186
131
180
122
193
80
150
161
202
156
135
209
182
119
154
98
191
164
110
139
139
159
144
187
157
131
146
178
141
172
189
175
167
144
117
164
125
155
155
126
86
163
117
144
240
168
104
94
206
164
95
157
134
159
141
114
195
139
42
125
234
177
158
190
166
112
166
109
56
83
236
178
121
153
140
144
178
135
205
139
156
134
180
188
143
286
118
189
131
146
129
226
78
202
146
178
146
112
146
174
180
162
81
145
99
163
159
164
144
227
161
128
132
98
194
134
141
160
184
149
139
138
212
130
188
140
147
197
138
194
174
203
173
118
110
224
123
107
104
190
164
131
91
149
183
153
137
134
199
139
218
127
75
212
172
139
192
134
212
188
160
178
123
232
112
184
104
122
201
187
158
116
137
152
124
162
200
83
137
119
151
171
169
209
230
159
119
167
186
104
147
164
171
201
97
150
171
170
218
148
157
248
156
179
185
115
139
138
123
193
171
122
105
105
190
196
112
101
219
218
116
145
192
108
115
162
204
174
190
71
215
190
125
59
149
127
154
140
190
185
167
111
160
118
201
142
104
123
188
116
173
183
191
83
164
216
145
148
193
173
122
167
141
109
129
147
120
170
193
201
172
201
158
107
237
130
121
126
168
50
131
176
205
112
158
112
142
161
179
144
118
153
110
211
154
152
103
198
106
146
158
147
220
204
164
88
181
151
95
95
158
186
128
192
128
185
169
151
205
130
141
147
147
133
156
120
137
137
140
116
206
158
195
160
107
137
135
130
174
149
146
155
120
153
156
180
247
125
142
131
121
150
85
109
96
87
117
93
175
92
193
155
145
173
173
173
137
221
180
147
132
142
130
214
139
139
164
156
122
183
154
161
183
149
209
199
152
117
155
162
161
170
155
164
169
182
194
192
135
175
183
126
145
114
117
167
126
152
164
154
217
202
112
209
178
135
122
202
160
182
185
140
125
189
168
186
138
176
170
234
123
201
221
63
145
187
109
178
64
140
141
196
166
142
220
91
145
189
103
115
158
178
195
242
145
171
208
169
180
141
177
158
178
147
86
87
121
142
142
112
127
167
166
112
135
220
174
122
159
132
197
213
137
85
136
193
144
111
170
171
102
182
163
90
144
170
120
127
161
175
174
207
194
184
145
156
180
130
195
239
158
158
121
207
148
114
105
232
143
198
184
123
168
126
198
141
183
123
124
122
189
156
179
139
154
195
137
192
145
115
201
188
131
135
150
158
180
175
164
190
149
164
138
119
134
162
149
159
208
157
147
236
177
199
188
165
91
141
212
171
205
121
80
106
185
111
213
106
158
108
151
116
79
201
105
141
205
192
146
125
164
96
149
193
160
180
126
128
140
118
114
163
100
195
215
133
175
154
161
116
152
183
123
182
195
132
158
142
118
116
161
154
162
129
126
155
124
204
145
170
181
163
186
113
92
188
128
184
231
179
98
84
122
72
170
173
213
162
126
131
153
85
100
137
154
188
177
138
144
119
185
170
231
105
188
130
112
192
170
152
184
134
199
225
141
98
213
200
194
106
138
170
125
183
116
202
169
146
151
198
172
181
143
147
127
188
95
170
169
196
195
173
92
136
235
209
94
130
165
172
167
167
147
175
124
173
190
147
188
218
165
195
130
140
136
140
176
213
194
125
142
142
139
211
135
183
107
211
130
255
182
219
158
133
105
115
115
156
170
196
144
171
151
198
150
187
117
181
107
115
193
183
135
154
152
111
158
163
135
132
133
142
131
180
171
131
149
158
178
180
206
209
81
157
222
141
161
206
164
181
117
188
176
196
144
190
104
113
144
181
193
152
134
152
156
163
145
182
153
133
120
175
194
204
148
109
222
202
128
110
170
196
105
134
196
180
102
195
168
146
121
153
141
76
158
223
131
178
153
185
185
68
186
106
171
118
198
156
185
120
212
106
80
196
157
181
203
104
152
166
172
159
188
107
181
168
165
209
184
214
193
161
200
152
96
177
87
95
173
165
144
182
108
170
116
183
221
111
174
158
231
182
155
151
70
181
167
177
199
122
119
153
125
136
185
154
106
153
168
166
68
178
104
126
147
97
144
115
181
208
137
142
191
92
198
193
170
132
124
138
137
158
223
143
162
119
156
104
150
106
124
196
161
104
94
164
156
149
173
183
134
132
148
140
142
221
102
149
153
190
210
115
190
178
111
117
113
208
192
153
102
205
179
141
158
181
186
136
155
151
136
154
93
151
146
142
148
172
107
151
125
134
172
148
169
191
101
117
194
142
187
171
168
184
146
166
249
114
177
206
167
115
135
187
114
186
197
184
135
133
161
195
113
136
130
137
78
143
108
171
143
194
159
203
129
175
120
151
101
106
119
141
116
178
198
123
161
161
191
148
176
206
151
174
167
132
161
149
139
129
165
130
149
152
152
146
150
132
161
118
156
250
210
189
108
157
149
160
88
194
146
138
201
135
193
149
107
139
242
144
94
132
124
153
196
151
195
175
149
134
212
122
143
233
222
195
163
213
157
109
106
116
160
195
193
131
178
158
168
153
161
150
143
113
119
134
155
170
121
138
150
187
147
77
138
127
160
171
149
146
191
191
96
103
174
80
126
103
128
192
184
192
143
180
190
114
186
185
140
213
158
185
102
152
169
127
168
196
132
105
168
168
185
196
191
161
160
201
177
125
203
146
145
167
169
125
183
109
109
182
152
153
139
181
162
191
181
187
156
171
185
172
147
169
158
127
225
133
162
182
124
123
123
104
193
172
137
188
156
166
139
150
144
117
133
134
133
136
105
101
173
135
146
146
177
190
158
166
138
118
194
157
198
129
165
149
103
157
162
175
206
147
125
149
199
88
161
234
215
126
151
129
121
120
92
173
147
133
153
198
140
153
143
105
118
147
141
111
161
143
108
81
138
166
137
51
230
175
149
168
209
198
176
206
175
158
271
168
165
151
177
101
102
114
143
161
126
194
185
77
198
148
198
107
146
189
188
115
173
161
125
85
98
101
144
115
192
167
169
96
190
107
126
164
106
97
138
178
111
118
166
121
147
236
141
128
153
151
146
203
154
159
160
199
156
187
122
124
164
198
145
86
138
209
88
107
200
159
160
155
136
116
185
97
229
97
149
174
93
201
124
166
137
137
122
269
129
169
173
138
195
162
166
184
196
155
157
180
159
115
147
189
162
94
188
145
135
151
132
134
187
119
148
134
126
141
195
157
122
69
140
171
155
158
143
139
176
199
196
187
147
113
204
90
177
140
197
94
114
174
198
203
170
161
128
126
179
221
180
124
219
166
232
122
186
103
210
111
186
180
107
167
165
193
155
151
152
137
119
162
157
188
182
122
170
125
78
165
137
142
201
158
185
170
139
109
198
146
252
157
122
162
173
210
144
121
169
188
86
125
163
169
193
80
191
189
133
126
230
171
151
101
88
117
113
103
184
94
150
158
141
149
161
149
120
129
135
99
162
194
101
184
209
152
135
140
205
181
165
107
131
187
207
210
165
162
121
75
153
158
174
85
212
151
161
203
189
202
86
116
167
113
184
138
262
156
189
176
149
172
146
195
178
167
198
81
160
173
153
134
126
157
148
125
102
126
194
195
152
181
110
186
158
147
177
181
178
152
114
151
182
188
163
176
132
132
97
189
205
120
202
197
130
178
166
139
133
171
98
208
93
158
127
143
149
157
139
173
181
136
176
231
137
132
184
165
174
125
176
183
104
163
163
111
133
122
153
160
127
101
186
136
145
160
128
187
168
110
163
164
176
164
132
70
128
131
129
140
134
196
118
168
193
105
167
181
132
222
170
141
148
91
148
103
123
124
110
150
168
167
108
133
191
183
201
172
207
149
116
178
127
202
159
161
82
156
110
164
178
189
136
62
151
152
128
150
149
141
125
121
144
166
151
207
135
139
155
116
121
178
140
154
124
145
126
140
189
109
140
180
151
137
150
117
159
160
154
117
153
170
132
181
174
159
172
111
107
122
161
135
116
232
162
126
160
209
141
157
213
182
212
114
124
144
144
124
157
135
211
176
133
124
151
191
136
196
131
150
113
151
134
105
186
175
149
117
185
129
134
140
220
131
135
217
129
123
171
245
111
180
186
122
188
110
167
160
187
150
147
99
182
199
94
176
141
169
188
134
145
110
87
172
187
76
163
146
182
111
208
179
120
254
130
156
139
168
195
168
173
190
97
193
91
131
140
83
141
156
119
170
135
127
192
130
116
188
160
109
164
156
115
173
79
150
181
184
184
120
97
164
193
90
81
144
156
151
162
161
216
167
160
192
146
181
144
166
188
126
192
133
192
152
169
114
132
132
144
134
119
172
154
142
129
96
186
164
147
172
133
124
179
172
76
139
116
173
193
211
191
164
180
121
144
167
115
183
97
227
145
151
143
188
174
165
160
125
131
126
158
158
90
197
156
110
126
134
161
196
117
185
108
89
168
136
94
121
182
118
148
207
174
101
145
130
146
137
93
142
100
188
138
208
168
143
272
207
136
116
177
229
130
116
133
91
114
152
124
162
86
163
88
149
176
161
187
141
135
101
148
153
116
156
128
141
196
138
129
154
217
191
154
99
206
111
117
139
156
184
195
168
156
193
165
147
133
159
152
171
92
114
126
187
136
213
126
176
160
139
165
168
156
166
122
111
176
130
182
162
130
178
117
140
120
170
190
158
130
147
142
157
128
183
157
133
121
169
120
126
94
134
159
92
159
177
196
181
77
136
200
119
177
163
146
187
189
204
204
135
127
213
158
188
111
152
137
154
173
138
112
157
216
219
133
218
188
166
173
155
93
160
134
182
182
207
155
209
186
199
206
113
178
104
167
171
111
190
162
161
140
225
122
120
198
109
177
109
189
161
189
93
184
108
160
189
157
131
166
178
193
177
161
118
170
126
170
132
191
178
153
146
145
165
204
159
134
179
130
176
141
152
139
92
160
122
93
120
189
111
165
118
149
180
95
109
159
132
241
148
188
129
181
127
198
186
153
131
109
153
218
105
147
205
160
153
129
148
176
159
105
141
144
90
81
114
137
193
129
153
198
163
98
131
147
117
212
210
123
164
67
152
136
201
173
165
137
166
127
128
103
153
186
132
146
100
106
132
78
129
193
143
206
138
115
168
166
152
197
151
105
172
96
210
185
142
170
189
169
220
208
161
122
205
101
123
133
144
129
174
132
212
189
151
135
162
121
151
207
120
203
98
181
187
94
142
128
122
144
149
98
133
135
188
113
180
138
207
94
173
103
198
116
197
150
217
144
129
123
169
136
112
121
144
149
151
106
116
172
143
214
104
135
160
82
119
143
94
160
161
200
132
106
188
95
273
144
124
219
176
115
150
88
140
161
129
150
164
66
189
217
163
132
74
197
163
171
169
92
129
153
142
93
179
154
162
186
117
151
178
121
199
120
202
172
163
181
139
123
158
91
193
128
73
158
133
121
153
107
142
116
115
169
179
184
143
159
152
105
163
219
189
168
177
143
134
118
202
135
138
189
173
206
146
161
171
206
170
69
223
127
192
171
157
198
96
112
182
114
151
170
150
180
140
169
178
155
159
104
126
133
101
186
89
96
93
150
122
224
202
189
178
115
222
194
139
235
85
195
146
161
193
180
188
127
190
123
161
131
193
116
114
151
140
128
162
126
180
118
217
124
146
134
195
136
168
145
141
90
146
163
123
163
119
153
162
100
180
183
131
171
119
176
166
74
99
168
158
164
116
189
122
215
169
145
137
151
151
66
162
182
144
182
180
156
164
91
120
197
138
147
161
144
208
123
128
188
117
97
186
104
144
124
173
167
159
176
115
148
140
208
236
115
154
152
174
102
147
145
142
113
133
130
135
119
180
62
184
148
165
174
156
147
112
180
163
174
105
193
177
164
112
145
143
130
181
128
111
193
182
114
143
106
177
214
143
150
166
143
178
223
147
192
142
154
231
125
127
132
191
139
165
140
149
137
191
159
200
121
190
154
217
125
111
117
136
212
131
128
141
167
189
80
196
165
156
186
132
113
159
180
162
141
173
173
157
179
56
190
141
186
202
210
113
92
87
109
102
148
176
179
136
129
121
105
122
176
151
161
172
133
149
87
184
106
128
160
168
173
112
207
139
162
176
143
152
178
149
181
119
214
166
109
200
163
196
142
218
172
176
236
118
171
159
222
165
157
159
148
191
106
97
113
159
190
75
176
113
167
177
236
114
185
144
168
125
131
157
75
154
176
152
120
171
144
181
166
135
172
214
121
165
159
137
156
143
117
128
198
99
158
163
210
221
146
161
192
140
119
168
78
113
149
133
143
164
177
112
154
116
99
159
170
117
185
186
135
132
224
186
156
176
144
125
134
130
174
133
114
197
237
153
166
128
177
188
157
185
166
182
191
161
184
202
111
176
190
186
196
109
206
119
98
149
147
151
105
197
193
207
119
159
175
199
185
151
194
124
115
220
165
148
140
173
141
102
170
247
173
158
134
116
162
145
162
153
224
84
118
115
176
103
174
174
125
159
140
111
144
140
148
133
149
176
218
108
190
167
143
140
160
174
136
170
106
146
63
224
196
152
139
105
202
79
133
120
134
135
150
67
157
180
144
199
186
168
127
165
214
124
194
185
100
116
155
134
164
105
158
103
170
138
213
126
105
121
71
147
89
127
140
113
188
127
113
195
203
173
141
157
177
125
156
114
150
126
170
186
178
154
201
83
110
121
188
163
185
138
134
112
178
120
125
190
160
116
158
139
160
153
72
128
166
136
193
188
154
148
122
144
181
143
166
142
160
141
140
147
210
126
113
152
169
165
172
242
164
99
178
193
150
110
147
110
147
191
171
135
140
188
106
160
168
122
124
178
206
228
129
123
131
134
141
174
124
235
127
155
201
122
166
127
167
228
87
129
178
135
124
193
161
159
190
115
186
104
175
182
150
192
128
154
133
185
222
59
146
136
120
162
150
148
167
117
169
120
118
173
137
175
138
177
137
175
135
171
175
172
158
135
229
184
174
108
215
163
139
139
277
164
56
172
188
149
92
97
150
98
130
134
199
94
136
159
131
175
129
174
136
207
119
176
101
175
124
182
191
132
105
145
212
155
95
110
236
206
189
228
184
144
176
108
158
96
186
101
123
118
119
169
189
98
155
171
154
150
170
149
147
99
144
124
142
189
145
156
151
131
98
208
93
155
185
117
137
139
152
166
119
181
210
136
119
115
156
131
116
136
163
138
154
190
152
162
124
106
73
68
182
133
182
113
113
131
147
143
130
159
158
80
170
177
104
157
153
121
113
163
166
217
143
118
216
157
172
115
184
211
160
118
184
115
121
179
123
116
116
175
153
126
165
157
132
149
180
216
127
147
147
138
176
142
156
151
176
119
132
137
151
233
146
109
126
91
149
155
159
193
159
197
188
106
160
204
199
79
178
117
143
115
171
132
229
93
121
112
167
177
131
142
208
211
143
87
217
124
111
187
143
147
213
177
134
108
128
165
72
169
152
100
205
107
166
143
172
113
183
134
201
195
157
192
160
102
178
133
185
107
174
158
200
203
150
167
140
123
123
142
166
152
138
168
137
142
180
93
205
148
179
136
104
115
122
77
158
170
134
161
132
155
137
125
154
152
161
153
211
207
136
167
113
169
124
146
161
162
193
145
140
201
188
119
107
130
143
162
154
131
226
163
113
202
95
133
146
101
183
245
160
201
233
193
232
196
110
143
111
86
163
169
162
242
136
212
155
157
190
149
150
108
107
77
160
146
137
128
161
116
159
142
140
87
172
200
130
187
249
193
188
185
194
185
149
141
180
188
103
108
156
125
114
103
150
155
144
144
142
222
178
167
80
150
126
223
110
107
131
134
177
193
182
179
102
124
162
158
167
190
105
142
121
192
128
166
168
75
135
102
110
184
157
118
227
86
192
132
229
135
127
90
79
162
112
87
147
191
170
125
117
164
217
131
191
162
112
125
212
149
166
124
145
202
148
165
136
190
139
157
118
115
116
159
118
136
134
116
112
179
186
157
160
208
110
104
146
139
138
157
159
188
173
102
219
185
100
122
111
163
128
147
163
95
170
164
132
117
184
150
190
93
164
174
158
159
132
194
93
158
148
208
185
136
192
139
152
127
166
176
167
161
172
163
184
101
137
77
77
68
176
131
141
183
143
141
148
159
180
202
150
167
219
119
192
128
133
137
207
170
134
118
141
147
110
64
158
133
168
194
166
185
90
145
198
167
160
174
103
191
115
105
145
153
144
130
137
117
180
147
123
193
148
99
186
90
151
170
223
131
142
208
154
214
137
181
116
192
147
181
158
145
127
55
157
166
140
156
161
171
172
126
188
158
86
157
197
55
97
180
147
199
141
154
130
168
182
158
132
163
123
153
152
130
191
186
163
127
161
173
130
134
184
150
138
111
114
138
147
110
150
163
102
220
139
145
159
158
112
114
172
74
158
116
240
205
76
194
133
116
116
90
136
120
133
223
146
84
133
154
193
181
142
174
177
113
117
174
105
115
201
150
154
155
121
125
98
183
146
126
150
151
215
185
189
150
195
128
109
200
120
161
94
136
120
114
150
138
152
162
104
136
236
118
217
131
214
122
155
169
141
137
125
131
136
174
99
199
169
167
181
197
197
171
208
136
142
130
164
121
235
109
223
164
166
138
135
158
94
52
134
109
180
135
138
110
165
140
178
138
133
131
240
118
109
176
142
173
226
142
148
174
102
147
110
154
124
123
248
172
84
155
172
170
175
115
152
112
152
135
163
175
177
182
103
176
182
156
146
122
116
147
96
170
201
138
188
164
160
191
95
152
173
144
147
90
166
105
163
138
110
154
154
139
222
185
187
107
148
126
122
150
140
188
163
92
146
188
130
131
167
181
106
148
135
170
207
140
224
124
167
156
186
133
143
153
155
211
209
147
146
160
174
124
88
129
153
168
123
122
120
147
188
241
152
182
204
173
139
187
200
162
198
125
148
231
98
172
135
168
125
180
166
159
141
176
169
128
152
151
167
129
200
117
162
132
121
156
97
109
202
125
151
160
96
155
111
133
170
172
117
120
95
133
166
170
136
194
143
143
172
153
175
138
145
154
86
190
123
252
141
176
187
210
185
128
134
134
187
158
89
139
177
96
107
166
131
106
185
140
164
118
165
104
165
166
124
193
124
156
193
107
148
198
102
152
159
185
100
194
132
174
70
130
159
208
137
151
105
144
128
151
236
165
110
121
135
199
163
173
134
111
150
240
177
120
112
144
130
157
168
161
205
140
130
106
116
165
124
157
112
102
117
177
174
108
123
167
187
150
150
126
149
114
134
160
140
132
139
247
187
130
159
125
162
123
169
156
53
158
204
174
128
124
193
177
149
232
131
100
126
186
114
121
157
214
135
183
146
129
270
164
199
145
144
153
139
134
190
117
124
155
132
128
157
160
190
107
113
146
137
113
140
110
164
164
134
170
154
146
124
152
192
160
194
160
159
157
145
200
144
146
102
86
149
117
97
131
106
111
177
176
187
121
205
163
137
143
210
191
215
146
137
119
169
143
127
137
111
97
200
141
139
137
176
159
168
268
162
188
121
120
172
178
195
145
194
167
90
124
140
153
114
172
134
131
174
194
160
164
157
137
154
119
143
175
157
201
146
150
228
143
132
212
108
157
180
143
115
138
142
141
178
171
148
121
148
142
185
111
203
189
155
203
173
169
130
153
131
101
180
117
189
162
188
174
108
179
140
141
160
136
149
136
150
105
159
200
152
164
181
136
98
114
181
212
187
99
135
202
174
181
183
134
197
141
172
121
127
133
134
177
115
213
179
169
136
113
143
125
126
148
145
165
144
131
113
170
98
165
168
150
141
185
201
123
112
162
134
93
150
196
168
200
89
113
187
190
92
146
152
264
127
147
118
216
132
105
204
144
184
188
140
148
170
178
174
201
157
151
170
142
133
127
153
133
160
178
126
148
115
137
110
147
141
134
203
140
180
116
117
154
132
164
201
82
131
127
139
113
128
130
141
165
183
90
153
139
152
197
169
125
160
178
139
116
107
198
81
120
113
110
147
229
209
172
157
174
169
134
179
148
143
211
189
131
140
110
138
124
153
126
194
193
151
166
151
95
87
163
143
160
103
151
139
125
135
166
108
130
160
99
181
190
151
185
164
147
183
146
165
126
164
166
166
184
146
204
171
103
143
194
154
164
103
142
188
120
124
102
94
119
142
180
179
115
190
101
193
162
172
174
98
152
160
127
143
143
163
158
153
159
144
162
116
152
176
142
117
159
228
179
259
132
154
115
99
225
137
162
183
151
132
144
167
184
87
138
108
131
99
161
144
136
113
147
151
191
165
206
190
130
195
181
134
151
145
118
139
140
193
80
112
190
179
186
135
133
195
135
138
157
99
108
160
194
185
148
191
142
167
110
174
124
178
157
192
120
117
148
158
244
131
151
223
155
134
132
93
198
99
143
125
193
98
162
158
172
96
152
98
142
161
94
152
104
177
178
115
131
137
142
154
174
131
110
131
115
127
105
180
166
129
198
175
123
108
159
126
148
120
154
203
141
154
167
111
150
152
138
239
137
183
148
101
191
149
120
159
155
143
143
123
161
191
136
173
103
88
204
199
120
108
156
165
120
152
178
195
165
129
156
85
162
205
95
112
93
162
117
148
107
177
130
127
168
197
143
133
168
154
237
189
143
211
163
119
168
135
98
126
145
139
146
99
122
155
94
173
84
144
109
149
176
110
155
127
114
117
131
141
197
123
175
185
126
116
198
194
231
160
228
123
164
173
138
156
157
235
242
185
187
204
177
121
127
104
149
67
156
177
136
139
107
113
208
179
105
121
239
149
116
159
191
182
115
123
170
153
123
172
161
112
143
122
155
142
173
172
163
182
97
125
145
174
181
83
143
120
86
117
163
169
150
121
195
131
133
174
163
215
155
145
123
